10,141
10,191
10,243
10,109
10,127
10,87
10,189
10,305
10,2
10,3
11,15
11,17
11,21
11,2
9,7
9,1
9,5
9,2
9,3
8,4
8,8
8,14
8,15
8,2
8,3
14,5
2,2
2,1
2,3
129,3
129,2
129,1
129,0
128,5
128,4
128,3
128,2
128,1
128,0
127,4
127,3
127,2
127,1
127,0
126,4
126,3
126,2
126,1
126,0
125,4
125,3
125,2
125,1
125,0
109,3
109,2
109,1
103,3
103,2
103,1
103,0
102,3
102,2
102,1
102,0
101,3
101,2
101,1
101,0
100,3
100,2
100,1
100,0
99,3
99,2
99,1
99,0
98,3
98,2
98,1
98,0
97,3
97,2
97,1
97,0
96,5
96,4
96,3
96,2
96,1
96,0
95,4
95,3
95,2
95,1
95,0
94,4
94,3
94,2
94,1
94,0
93,4
93,3
93,2
93,1
20,3
20,2
20,1
19,3
19,2
19,1
18,3
18,1
12,3
12,2
12,1
11,29
11,25
11,19
11,13
11,11
11,9
